15758579 5128417
7782041 5163225
7750492 5170858
7889311 5069177
7700480 5170071
7658579 5120660
7864759 5588122
7809100 5100084
7761885 5084797
7729738 5158773
7821193 5118052
7763807 5165101
7685346 5092108
7722932 5215477
8254206 5125293
7797598 5110395
7711666 5070495
7726778 5503917
8009648 5190846
7778197 5236132
7723311 5167128
7655017 7029207
8013260 5109727
7868578 5079138
7705826 5095155
7763410 5236362
7793836 5373320
7738419 5146843
7711400 5171101
8150575 5251029
7744084 5149279
7666419 5144298
8085600 5150609
7727422 5113076
7745001 5130018
7721534 5129664
7711035 5076357
7711373 5091273
7888057 5191378
7775546 5121874
7752287 5150565
7858063 5112906
7856492 5215819
7901751 5173716
7939145 5131330
8121375 5204137
7735331 5094898
7687365 5146753
7751056 5088125
7787425 5198766
7881049 5090850
7737739 5121423
7788656 5148719
7671566 5225419
7783045 5094608
7652192 5107075
7911800 5126017
7754286 5155222
7748483 5089733
7762797 5224918
8204683 5172755
7723840 5068250
7669892 5091429
7894330 5180688
7821962 5655488
7783611 5119492
7736963 5117187
7824447 5106268
7806269 5201871
8186865 5155353
7841128 5169281
8232901 5281309
8057971 5312483
7876827 5227936
7855536 5228833
7843617 5188891
7847356 5206165
8002919 5193844
7844534 5179056
7760620 5091744
7688651 5108784
7658934 5572002
7686718 5116787
7738181 5134866
7713147 5147317
7756781 5080026
7749514 5077726
7642726 5156856
7822417 5183023
7701195 5096326
7789834 5143303
7711645 5153342
7707116 5118739
7720603 5113472
7708190 5054940
7733371 5087392
7683939 5074781
7733532 5100108
7711826 5102687
7841550 5095848
8298698 5116234
7812449 5148736
7735537 5113960
7837384 5165990
7833612 5121597
8102000 5092972
7736117 5113543
10665285 5097748
8170008 5182976
7871235 5106290
7699816 5120496
7766319 5179551
7717539 5164714
7797913 5110333
7772265 5139356
7695703 5209836
7745148 5127445
7720902 5259782
7862593 5069854
7798416 5590456
7808447 5165637
7745489 5079083
7733554 5109008
7785668 5438245
7742768 5070919
7806515 5087595
7755609 5110177
7841870 5101122
7837310 5174800
7714460 5095138
7889513 5184029
7713161 5104985
7693719 5119397
7807879 5194897
7721661 5180812
7693206 5092126
7750835 5164954
8400986 5135494
7759101 5316945
7818307 5089985
7685846 5078261
7799949 5152644
7747674 5202180
7717083 5290672
7784620 5101456
8378776 5105304
8127488 5169825
7908267 5181972
7857584 5096262
7679538 5084922
7696278 5217455
7892852 5094471
8144310 5202909
7693738 5127246
7753373 5153694
7737082 5054351
7777936 5156668
8111486 5199844
7736346 5091541
7794660 5198367
7664062 5102329
7671637 5093769
7758678 5138855
7725096 5149998
7752809 5067775
7695559 5149241
7666614 5113933
7752680 5103929
7814697 5080568
7688659 5125478
8047116 5118189
7740839 5142391
7667177 5095089
7777846 5098899
7777917 5086493
8202740 5168554
7789569 5105216
7781076 5093827
8095907 5192124
7873317 5185844
7814517 5343783
7721769 5117651
7751956 5144838
7723004 5080311
7675202 5135561
7699451 5109479
7796444 5164042
7759573 5202265
7762186 5156560
7711644 5092605
7656546 5209615
7684164 5096749
7810919 5145850
7757577 5158415
7796482 5139928
8174348 5096625
7894875 5117765
7780876 5094369
7798262 5094605
7742452 5094782
