0 3506 1925 11843
1 3406 1249 1997
2 3344 201 213
3 3325 321 213
4 3381 338 205
5 3299 277 246
6 3423 333 178
7 3413 308 217
8 3328 324 187
9 3373 248 196
10 3344 277 217
11 3318 305 207
12 3434 289 199
13 3381 338 162
14 3305 273 220
15 3387 302 196
16 3426 309 201
17 3404 320 186
18 3433 321 198
19 3299 271 256
20 3365 318 195
21 3324 292 193
22 3332 332 193
23 3329 278 209
24 3332 307 189
25 3304 313 179
26 3366 316 179
27 3387 320 337
28 3396 273 212
29 3348 340 179
30 3329 310 195
31 3395 333 184
32 3424 306 215
33 3314 309 268
34 3435 341 257
35 3424 344 248
36 3390 349 260
37 3290 287 285
38 3357 360 192
39 3297 376 290
40 3331 374 264
41 3271 155 158
42 3308 157 179
43 3288 160 207
44 3321 308 216
45 3351 333 228
46 3333 273 250
47 3400 309 189
48 3349 300 220
49 3329 321 186
50 3323 249 195
51 3477 261 225
52 3376 317 199
53 3365 289 187
54 3371 316 205
55 3414 262 223
56 3358 308 187
57 3407 293 196
58 3338 314 182
59 3368 303 211
60 3395 261 257
61 3355 309 197
62 3401 283 202
63 3355 311 193
64 3285 267 215
65 3332 314 557
66 3349 314 222
67 3377 302 179
68 3375 318 189
69 3355 272 216
70 3328 310 202
71 3412 308 197
72 3410 331 189
73 3378 291 225
74 3321 324 341
75 3334 328 260
76 3303 333 206
77 3418 334 265
78 3306 288 222
79 3306 328 192
80 3304 361 284
81 3326 342 267
82 3318 147 170
83 3368 149 183
84 3317 152 202
85 3388 334 351
86 3326 336 208
87 3385 270 252
88 3313 306 193
89 3410 300 224
90 3347 327 179
91 3404 248 194
92 3329 269 225
93 3335 308 196
94 3389 293 199
95 3417 308 206
96 3358 262 225
97 3317 304 186
98 3456 275 207
99 3393 304 193
